0017340 0019140
0022740 0024540
0030600 0032400
0034200 0036000
0037800 0039600
0041400 0043200
0044724 0046524
0107994 0109794
0142906 0144706
0151906 0153706
0166306 0168106
0187498 0189298
0189298 0191098
0298248 0300048
0328995 0330795
0360782 0362582
0368208 0370008
0373608 0375408
0377208 0379008
0385695 0387495
0392357 0394157
0397212 0399012
0399012 0400812
0400812 0402612
0402612 0404412
0404412 0406212
0424158 0425958
0425958 0427758
0427758 0429558
0429558 0431358
0441170 0442970
0442970 0444770
0446570 0448370
