0009150 0010950
0010950 0012750
0012750 0014550
0016350 0018150
0021750 0023550
0023550 0025350
0027150 0028950
0028950 0030750
0030750 0032550
0032550 0034350
0034350 0036150
0036150 0037950
0037950 0039750
0039750 0041550
0041550 0043350
0046244 0048044
0049844 0051644
0051644 0053444
0055244 0057044
0057044 0058844
0060644 0062444
0064244 0066044
0066044 0067844
0075044 0076844
0076844 0078644
0078644 0080444
0082373 0084173
0085973 0087773
0089573 0091373
0093173 0094973
0096773 0098573
0105773 0107573
