0005987 0007787
0007787 0009587
0012062 0013862
0019262 0021062
0021062 0022862
0026462 0028262
0028262 0030062
0030062 0031862
0031862 0033662
0037262 0039062
0045254 0047054
0047054 0048854
0048854 0050654
0054254 0056054
0056892 0058692
0058692 0060492
0060492 0062292
0062292 0064092
0065892 0067692
0069492 0071292
0078492 0080292
0080292 0082092
0082092 0083892
0083892 0085692
0085692 0087492
0087492 0089292
0091092 0092892
0094692 0096492
0098292 0100092
0100092 0101892
0107292 0109092
0109092 0110892
0110892 0112692
0112692 0114492
0114492 0116292
0116292 0118092
0118092 0119892
0121692 0123492
0135493 0137293
0139105 0140905
0144505 0146305
0151277 0153077
0154877 0156677
