0018303 0020103
0026422 0028222
0030022 0031822
0031822 0033622
0039022 0040822
0076822 0078622
0087622 0089422
0111022 0112822
0123622 0125422
0127222 0129022
0136222 0138022
0147022 0148822
0152422 0154222
0158722 0160522
0162322 0164122
0185722 0187522
0187522 0189322
0196522 0198322
0216322 0218122
0235629 0237429
0237429 0239229
0241029 0242829
0246429 0248229
0248229 0250029
0266229 0268029
0268029 0269829
0272160 0273960
0275760 0277560
0281160 0282960
0286560 0288360
0293760 0295560
0315810 0317610
0323010 0324810
0335610 0337410
