0009150 0010950
0010950 0012750
0019950 0021750
0023550 0025350
0027150 0028950
0031278 0033078
0033078 0034878
0038478 0040278
0042078 0043878
0044750 0046550
0046550 0048350
0062750 0064550
0064550 0066350
0069936 0071736
0071736 0073536
0077444 0079244
0079244 0081044
0081044 0082844
0082844 0084644
0086444 0088244
0100613 0102413
0107292 0109092
0109092 0110892
0112692 0114492
0114492 0116292
0116292 0118092
0118092 0119892
0119892 0121692
0121692 0123492
0123492 0125292
0125292 0127092
0134292 0136092
0136092 0137892
0137892 0139692
0157692 0159492
0159492 0161292
0166692 0168492
0168492 0170292
0170292 0172092
0172092 0173892
