0005550 0007350
0007350 0009150
0009150 0010950
0010950 0012750
0014550 0016350
0016350 0018150
0018150 0019950
0019950 0021750
0021750 0023550
0025350 0027150
0027150 0028950
0028950 0030750
0030750 0032550
0032550 0034350
0034350 0036150
0037950 0039750
0043350 0045150
0048750 0050550
0052350 0054150
0054150 0055950
0055950 0057750
0057750 0059550
0059550 0061350
0061350 0063150
0063150 0064950
0064950 0066750
0070350 0072150
0073950 0075750
0077550 0079350
0081150 0082950
0082950 0084750
0084750 0086550
0088052 0089852
0089852 0091652
