0007350 0009150
0012750 0014550
0014550 0016350
0021750 0023550
0023550 0025350
0025350 0027150
0027150 0028950
0028950 0030750
0030750 0032550
0034350 0036150
0037950 0039750
0039750 0041550
0041550 0043350
0045150 0046950
0048750 0050550
0050550 0052350
0052350 0054150
0057750 0059550
0061350 0063150
0068550 0070350
0072150 0073950
0073950 0075750
0079350 0081150
0081150 0082950
0082950 0084750
0086550 0088350
0088350 0090150
0090150 0091950
0093750 0095550
0097350 0099150
0100950 0102750
0102750 0104550
0104550 0106350
0106350 0108150
0109950 0111750
0111750 0113550
0115350 0117150
0118950 0120750
0120750 0122550
0122550 0124350
0124350 0126150
0126150 0127950
0127950 0129750
0129750 0131550
0131550 0133350
0135150 0136950
0136950 0138750
0140550 0142350
0142350 0144150
0144150 0145950
0145950 0147750
