0009150 0010950
0012750 0014550
0014550 0016350
0018150 0019950
0019950 0021750
0023550 0025350
0034599 0036399
0038199 0039999
0047199 0048999
0050799 0052599
0063399 0065199
0065199 0066999
0068388 0070188
0071988 0073788
0077388 0079188
0079825 0081625
0081625 0083425
0083425 0085225
0085225 0087025
0088825 0090625
0090625 0092425
0092425 0094225
0094225 0096025
0096450 0098250
0098250 0100050
0100050 0101850
0101850 0103650
0103650 0105450
0105450 0107250
0109050 0110850
0110850 0112650
0112650 0114450
0114450 0116250
0116250 0118050
0118050 0119850
0119850 0121650
