0003750 0005550
0007350 0009150
0038809 0040609
0040609 0042409
0042409 0044209
0047729 0049529
0049529 0051329
0053129 0054929
0064016 0065816
0068452 0070252
0076807 0078607
0078607 0080407
0080407 0082207
0085910 0087710
0088201 0090001
0097967 0099767
0099767 0101567
0101567 0103367
0108792 0110592
0110592 0112392
0115341 0117141
0118941 0120741
0122541 0124341
0124341 0126141
0130090 0131890
0138470 0140270
0140270 0142070
0143870 0145670
0145670 0147470
0151070 0152870
0154670 0156470
0156977 0158777
0158777 0160577
