0003750 0005550
0009150 0010950
0010950 0012750
0016350 0018150
0018150 0019950
0019950 0021750
0023550 0025350
0027150 0028950
0028950 0030750
0030750 0032550
0032550 0034350
0034350 0036150
0036150 0037950
0037950 0039750
0039750 0041550
0041550 0043350
0043350 0045150
0045150 0046950
0055950 0057750
0057750 0059550
0059550 0061350
0061350 0063150
0064950 0066750
0066750 0068550
0070827 0072627
0072627 0074427
0074427 0076227
0078027 0079827
0079827 0081627
0083427 0085227
0085227 0087027
0090627 0092427
0096027 0097827
0105027 0106827
0106827 0108627
0110427 0112227
0114027 0115827
0115827 0117627
0121227 0123027
0123027 0124827
0124827 0126627
0128451 0130251
0133851 0135651
0135651 0137451
0137451 0139251
0139251 0141051
0141051 0142851
0146451 0148251
0148251 0150051
0150051 0151851
0160865 0162665
0171665 0173465
0173465 0175265
0186065 0187865
