0009150 0010950
0010950 0012750
0014550 0016350
0016350 0018150
0027150 0028950
0028950 0030750
0030750 0032550
0032550 0034350
0037950 0039750
0041550 0043350
0062980 0064780
0066580 0068380
0073780 0075580
0077380 0079180
0079180 0080980
0082780 0084580
0093580 0095380
0097180 0098980
0104380 0106180
0107980 0109780
0129580 0131380
0134980 0136780
0138580 0140380
0143980 0145780
0149380 0151180
0156580 0158380
0158380 0160180
0169378 0171178
0178378 0180178
0199697 0201497
0209884 0211684
0211684 0213484
0213484 0215284
0217084 0218884
0220684 0222484
0226327 0228127
0240460 0242260
0260260 0262060
0263860 0265660
0271060 0272860
