0038185 0039985
0043585 0045385
0047185 0048985
0052585 0054385
0063747 0065547
0076766 0078566
0080366 0082166
0087566 0089366
0089366 0091166
0096566 0098366
0101966 0103766
0114566 0116366
0136166 0137966
0160252 0162052
0187252 0189052
0203452 0205252
0214252 0216052
0217852 0219652
0219652 0221452
0221452 0223252
0246652 0248452
0248452 0250252
0250252 0252052
0261052 0262852
0264652 0266452
0266452 0268252
0270052 0271852
0271852 0273652
0277252 0279052
0279052 0280852
0280852 0282652
0286252 0288052
0297052 0298852
0309652 0311452
0313252 0315052
0315052 0316852
0316852 0318652
0320452 0322252
0322252 0324052
0328796 0330596
0330596 0332396
0340513 0342313
0342313 0344113
0344113 0345913
0349513 0351313
0354913 0356713
0360313 0362113
0369313 0371113
0372913 0374713
0374713 0376513
0380113 0381913
0385513 0387313
0389113 0390913
0399913 0401713
0401713 0403513
0407113 0408913
0412513 0414313
0414313 0416113
0416113 0417913
0417913 0419713
0419713 0421513
0423313 0425113
0426913 0428713
0430513 0432313
0432313 0434113
0434113 0435913
