0026212 0028012
0038812 0040612
0046012 0047812
0049612 0051412
0064233 0066033
0066033 0067833
0069633 0071433
0088708 0090508
0091482 0093282
0094074 0095874
0099288 0101088
0102888 0104688
0124488 0126288
0133488 0135288
0143235 0145035
0155068 0156868
0158668 0160468
0163554 0165354
0176086 0177886
0181486 0183286
0183286 0185086
0240914 0242714
0242714 0244514
0244514 0246314
0258450 0260250
0267450 0269250
0272850 0274650
0280050 0281850
0321981 0323781
0339981 0341781
0347181 0348981
0356181 0357981
0357981 0359781
0371757 0373557
