0009150 0010950
0032550 0034350
0043350 0045150
0052350 0054150
0059550 0061350
0067017 0068817
0074217 0076017
0086817 0088617
0088617 0090417
0095817 0097617
0099417 0101217
0193422 0195222
0214293 0216093
0221493 0223293
0233789 0235589
0315133 0316933
0325933 0327733
0327733 0329533
0329533 0331333
0331333 0333133
0334933 0336733
0338533 0340333
0340333 0342133
0343933 0345733
0417108 0418908
0439336 0441136
0454087 0455887
0455887 0457687
0461287 0463087
0464887 0466687
0468487 0470287
0491730 0493530
0493530 0495330
0495330 0497130
0498930 0500730
0504330 0506130
0525185 0526985
