0007350 0009150
0012750 0014550
0016350 0018150
0018150 0019950
0030272 0032072
0053045 0054845
0058445 0060245
0060245 0062045
0062045 0063845
0063845 0065645
0067445 0069245
0069245 0071045
0074645 0076445
0078245 0080045
0083957 0085757
0085757 0087557
0089925 0091725
0108903 0110703
0110703 0112503
0124071 0125871
0125871 0127671
0127671 0129471
0129471 0131271
0133071 0134871
0134871 0136671
0136671 0138471
0138471 0140271
0142071 0143871
0145671 0147471
0151071 0152871
0152871 0154671
0156471 0158271
0158271 0160071
0160071 0161871
