0012750 0014550
0018150 0019950
0028950 0030750
0030750 0032550
0034350 0036150
0037950 0039750
0041550 0043350
0046950 0048750
0048750 0050550
0057750 0059550
0063150 0064950
0068550 0070350
0073950 0075750
0075750 0077550
0077550 0079350
0079350 0081150
0090150 0091950
0093750 0095550
0099150 0100950
0100950 0102750
0102750 0104550
0106350 0108150
0109950 0111750
0111750 0113550
0113550 0115350
0115350 0117150
0117150 0118950
0122550 0124350
0124350 0126150
0140550 0142350
0142350 0144150
0144150 0145950
