0003750 0005550
0007350 0009150
0009150 0010950
0010950 0012750
0012750 0014550
0014550 0016350
0018150 0019950
0019950 0021750
0023550 0025350
0032550 0034350
0034350 0036150
0036150 0037950
0037950 0039750
0045150 0046950
0048750 0050550
0054150 0055950
0066750 0068550
0070350 0072150
0100950 0102750
0102750 0104550
0104550 0106350
0106350 0108150
0110637 0112437
0114237 0116037
0123237 0125037
0128637 0130437
0130437 0132237
0132237 0134037
0134037 0135837
0135837 0137637
0137637 0139437
0144837 0146637
0146637 0148437
0152037 0153837
0155637 0157437
0157437 0159237
0164637 0166437
0166437 0168237
0168237 0170037
0173637 0175437
0175437 0177237
0177237 0179037
0179037 0180837
0180837 0182637
0182637 0184437
0186237 0188037
0189837 0191637
0193437 0195237
0195237 0197037
0202437 0204237
