0005550 0007350
0007350 0009150
0027150 0028950
0030750 0032550
0034350 0036150
0036150 0037950
0041550 0043350
0046950 0048750
0067548 0069348
0069348 0071148
0072948 0074748
0074748 0076548
0080148 0081948
0081948 0083748
0085548 0087348
0091612 0093412
0093412 0095212
0095212 0097012
0098812 0100612
0100612 0102412
0107812 0109612
0115012 0116812
0116812 0118612
0147685 0149485
0151285 0153085
0153085 0154885
0156685 0158485
0158485 0160285
0160285 0162085
0165685 0167485
0213953 0215753
0215753 0217553
0221153 0222953
0237077 0238877
0240677 0242477
