0019950 0021750
0023550 0025350
0025350 0027150
0028950 0030750
0037950 0039750
0043350 0045150
0054150 0055950
0055950 0057750
0063150 0064950
0084750 0086550
0093750 0095550
0100950 0102750
0102750 0104550
0108150 0109950
0116005 0117805
0143005 0144805
0146605 0148405
0150205 0152005
0153805 0155605
0179005 0180805
0180805 0182605
0188005 0189805
0219748 0221548
0223348 0225148
0284548 0286348
0286348 0288148
0302548 0304348
0327748 0329548
0342148 0343948
0343948 0345748
0352948 0354748
0354748 0356548
0378148 0379948
0403348 0405148
0433948 0435748
0437548 0439348
