0003750 0005550
0036444 0038244
0043644 0045444
0069009 0070809
0072609 0074409
0074409 0076209
0076209 0078009
0083409 0085209
0088809 0090609
0090609 0092409
0092824 0094624
0094624 0096424
0096424 0098224
0098224 0100024
0100024 0101824
0108379 0110179
0119179 0120979
0122779 0124579
0126379 0128179
0128179 0129979
0130656 0132456
0132456 0134256
0134256 0136056
0136056 0137856
0155970 0157770
0164970 0166770
0166770 0168570
0170370 0172170
0175770 0177570
0182970 0184770
0191207 0193007
0193784 0195584
