0009150 0010950
0014550 0016350
0016350 0018150
0018150 0019950
0019950 0021750
0026493 0028293
0030093 0031893
0040893 0042693
0042693 0044493
0044493 0046293
0055293 0057093
0067893 0069693
0082410 0084210
0084210 0086010
0086010 0087810
0095010 0096810
0096810 0098610
0107610 0109410
0109410 0111210
0120289 0122089
0150669 0152469
0163269 0165069
0167220 0169020
0170820 0172620
0178033 0179833
0188575 0190375
0193975 0195775
0195775 0197575
0217375 0219175
0224575 0226375
0233010 0234810
0238410 0240210
0242010 0243810
0265410 0267210
0269010 0270810
