0005550 0007350
0007350 0009150
0016632 0018432
0022032 0023832
0025632 0027432
0027432 0029232
0034632 0036432
0038232 0040032
0043632 0045432
0045432 0047232
0049032 0050832
0050832 0052632
0056232 0058032
0058032 0059832
0065232 0067032
0067032 0068832
0068832 0070632
0072432 0074232
0076032 0077832
0077832 0079632
0080027 0081827
0081827 0083627
0083627 0085427
0085427 0087227
0087227 0089027
0090827 0092627
0096227 0098027
0098027 0099827
0099827 0101627
0101627 0103427
0105227 0107027
0112427 0114227
0117827 0119627
0123227 0125027
0126827 0128627
0131606 0133406
0140606 0142406
0142406 0144206
0147806 0149606
0149606 0151406
0160406 0162206
0162206 0164006
0164006 0165806
0176606 0178406
