0010583 0012383
0016136 0017936
0017936 0019736
0021560 0023360
0024821 0026621
0030389 0032189
0033989 0035789
0037529 0039329
0061037 0062837
0062837 0064637
0064637 0066437
0092390 0094190
0100977 0102777
0104577 0106377
0110512 0112312
0114897 0116697
0120297 0122097
0122097 0123897
0123897 0125697
0125697 0127497
0131497 0133297
0138365 0140165
0140165 0141965
0142784 0144584
0144584 0146384
0146384 0148184
0151784 0153584
0157184 0158984
0160784 0162584
0164384 0166184
0168710 0170510
0182623 0184423
0184423 0186223
0193417 0195217
0197017 0198817
0198817 0200617
0200617 0202417
0202417 0204217
0206017 0207817
0207817 0209617
0214887 0216687
0220287 0222087
0232147 0233947
0233947 0235747
0236183 0237983
0237983 0239783
0239783 0241583
0246983 0248783
0248783 0250583
0250583 0252383
0254183 0255983
0259958 0261758
0276596 0278396
0278396 0280196
0290528 0292328
0292328 0294128
0299528 0301328
0301328 0303128
0303128 0304928
0312128 0313928
0321942 0323742
0324292 0326092
0332330 0334130
0334130 0335930
0344628 0346428
0346925 0348725
0349497 0351297
0355016 0356816
0365816 0367616
0373920 0375720
0379320 0381120
0381120 0382920
0384720 0386520
0390120 0391920
0393720 0395520
0400920 0402720
0402720 0404520
0404520 0406320
0408120 0409920
0413520 0415320
0415320 0417120
0418920 0420720
0420720 0422520
0434560 0436360
0436360 0438160
0439598 0441398
0451169 0452969
0488083 0489883
