0008949 0010749
0012549 0014349
0017282 0019082
0019082 0020882
0028082 0029882
0029882 0031682
0031682 0033482
0033482 0035282
0035282 0037082
0037082 0038882
0038882 0040682
0040682 0042482
0042482 0044282
0044282 0046082
0046082 0047882
0047882 0049682
0049682 0051482
0051482 0053282
0053282 0055082
0056882 0058682
0060482 0062282
0062282 0064082
0064082 0065882
0073082 0074882
0076682 0078482
0093728 0095528
0108128 0109928
0111543 0113343
0119383 0121183
0121183 0122983
0129432 0131232
0131232 0133032
0134617 0136417
0138217 0140017
0151146 0152946
0152946 0154746
