0003750 0005550
0018150 0019950
0019950 0021750
0021750 0023550
0025350 0027150
0030750 0032550
0034001 0035801
0035801 0037601
0039401 0041201
0056958 0058758
0064716 0066516
0066516 0068316
0070116 0071916
0071916 0073716
0092799 0094599
0096399 0098199
0098199 0099999
0105399 0107199
0107199 0108999
0110799 0112599
0112599 0114399
0114399 0116199
0116199 0117999
0146828 0148628
0154028 0155828
0157628 0159428
0159428 0161228
0166628 0168428
0168428 0170228
0176798 0178598
0178598 0180398
0185798 0187598
0187598 0189398
0189398 0191198
0212104 0213904
0221104 0222904
0231904 0233704
0233704 0235504
0235504 0237304
