0013099 0014899
0020299 0022099
0029299 0031099
0031099 0032899
0040099 0041899
0047299 0049099
0049099 0050899
0052699 0054499
0054499 0056299
0087065 0088865
0092465 0094265
0094265 0096065
0096065 0097865
0099665 0101465
0101465 0103265
0105065 0106865
0110465 0112265
0114065 0115865
0115865 0117665
0117665 0119465
0119465 0121265
0121265 0123065
0124865 0126665
0126665 0128465
0130265 0132065
0132065 0133865
0139265 0141065
0141065 0142865
0146465 0148265
0150065 0151865
0151865 0153665
0155465 0157265
0157265 0159065
0159065 0160865
0167469 0169269
0172869 0174669
0174669 0176469
0180069 0181869
0183669 0185469
0189069 0190869
0192669 0194469
0194469 0196269
0196269 0198069
0201669 0203469
0208869 0210669
0212469 0214269
0216069 0217869
0217869 0219669
0219669 0221469
0221469 0223269
0225069 0226869
0234409 0236209
0239809 0241609
0241609 0243409
0247009 0248809
0250609 0252409
0254209 0256009
0256009 0257809
0257809 0259609
0270409 0272209
0272209 0274009
0283009 0284809
0288409 0290209
0292009 0293809
0295609 0297409
0304609 0306409
0306409 0308209
0308209 0310009
0311809 0313609
0317209 0319009
0319009 0320809
