0005550 0007350
0007350 0009150
0039750 0041550
0043350 0045150
0109882 0111682
0120682 0122482
0122482 0124282
0151282 0153082
0163882 0165682
0183712 0185512
0187312 0189112
0189112 0190912
0198112 0199912
0208912 0210712
0210712 0212512
0223312 0225112
0239512 0241312
0275543 0277343
0297143 0298943
0327743 0329543
0360174 0361974
0363774 0365574
0385374 0387174
0387174 0388974
0406974 0408774
0415974 0417774
0433974 0435774
0473604 0475404
0498804 0500604
0551035 0552835
0639266 0641066
0650066 0651866
0677066 0678866
0678866 0680666
0680666 0682466
0695066 0696866
0740096 0741896
0749096 0750896
0768896 0770696
0806727 0808527
