0005550 0007350
0009150 0010950
0013467 0015267
0019921 0021721
0021721 0023521
0035222 0037022
0038822 0040622
0050501 0052301
0054101 0055901
0058729 0060529
0062329 0064129
0065929 0067729
0071329 0073129
0073129 0074929
0074929 0076729
0076729 0078529
0079234 0081034
0084634 0086434
0088234 0090034
0094224 0096024
0097824 0099624
0101424 0103224
0105024 0106824
0106824 0108624
0110424 0112224
0112224 0114024
0115824 0117624
0117624 0119424
0123758 0125558
0129326 0131126
0136526 0138326
0138326 0140126
