0012750 0014550
0018150 0019950
0027150 0028950
0041264 0043064
0050264 0052064
0077747 0079547
0079547 0081347
0083147 0084947
0090347 0092147
0092147 0093947
0095747 0097547
0104747 0106547
0113747 0115547
0117347 0119147
0120947 0122747
0126347 0128147
0133464 0135264
0135264 0137064
0140914 0142714
0152758 0154558
0154558 0156358
0158158 0159958
0163558 0165358
0165358 0167158
0178702 0180502
0200410 0202210
0205810 0207610
0213010 0214810
0218410 0220210
0234610 0236410
0240010 0241810
0252680 0254480
0265280 0267080
0267080 0268880
0294080 0295880
0297680 0299480
0301280 0303080
0303080 0304880
0310280 0312080
0313880 0315680
0317480 0319280
0327229 0329029
0344266 0346066
0346066 0347866
0351466 0353266
0353266 0355066
0355066 0356866
0390589 0392389
0397266 0399066
0399066 0400866
