0007350 0009150
0010950 0012750
0023550 0025350
0027150 0028950
0028950 0030750
0030750 0032550
0037950 0039750
0045150 0046950
0061350 0063150
0064950 0066750
0066750 0068550
0077550 0079350
0092104 0093904
0093904 0095704
0095704 0097504
0101104 0102904
0102904 0104704
0104704 0106504
0106504 0108304
0108304 0110104
0110104 0111904
0111904 0113704
0113704 0115504
0115504 0117304
0126304 0128104
0128104 0129904
0131704 0133504
0133504 0135304
0135304 0137104
0140704 0142504
0142504 0144304
0149704 0151504
0151504 0153304
0164104 0165904
0171304 0173104
0173104 0174904
0180304 0182104
0182104 0183904
0185704 0187504
0191104 0192904
0192904 0194704
0194704 0196504
0196504 0198304
0200104 0201904
0203704 0205504
0205504 0207304
