0012750 0014550
0014550 0016350
0016350 0018150
0018150 0019950
0023550 0025350
0027150 0028950
0028950 0030750
0030750 0032550
0034350 0036150
0037950 0039750
0039750 0041550
0041550 0043350
0050056 0051856
0051856 0053656
0053656 0055456
0062656 0064456
0064456 0066256
0068056 0069856
0073456 0075256
0086056 0087856
0095056 0096856
0096856 0098656
0116997 0118797
0118797 0120597
0124764 0126564
0130230 0132030
0133830 0135630
0139230 0141030
0141030 0142830
0163582 0165382
0165763 0167563
0167563 0169363
0171163 0172963
0172963 0174763
0176563 0178363
0184425 0186225
0188025 0189825
0191625 0193425
0193425 0195225
0259919 0261719
0304351 0306151
0306151 0307951
0404811 0406611
0415861 0417661
