0011256 0013056
0022056 0023856
0061348 0063148
0064948 0066748
0066748 0068548
0068548 0070348
0072148 0073948
0105652 0107452
0111052 0112852
0119589 0121389
0139601 0141401
0145515 0147315
0147315 0149115
0156944 0158744
0158744 0160544
0167744 0169544
0169544 0171344
0171344 0173144
0176744 0178544
0183944 0185744
0192944 0194744
0258307 0260107
0269413 0271213
0296898 0298698
0298698 0300498
0302298 0304098
0309478 0311278
0311278 0313078
0410180 0411980
0429980 0431780
0433580 0435380
0449314 0451114
0463714 0465514
0472714 0474514
0479914 0481714
0488914 0490714
0492514 0494314
0524245 0526045
0529645 0531445
0531445 0533245
