0005550 0007350
0007350 0009150
0014550 0016350
0020097 0021897
0021897 0023697
0028374 0030174
0035936 0037736
0037736 0039536
0049832 0051632
0051632 0053432
0053432 0055232
0057032 0058832
0062864 0064664
0064664 0066464
0071864 0073664
0075464 0077264
0091664 0093464
0093464 0095264
0102464 0104264
0106064 0107864
0107864 0109664
0113264 0115064
0116864 0118664
0119503 0121303
0123103 0124903
0128503 0130303
0132103 0133903
0133903 0135703
0139303 0141103
0156293 0158093
0159893 0161693
0161693 0163493
0167093 0168893
0172493 0174293
0176093 0177893
