0009140 0010940
0010940 0012740
0014540 0016340
0016340 0018140
0018140 0019940
0019940 0021740
0021740 0023540
0023540 0025340
0025340 0027140
0028940 0030740
0030740 0032540
0032540 0034340
0037940 0039740
0043340 0045140
0045140 0046940
0050540 0052340
0052340 0054140
0055940 0057740
0059540 0061340
0061340 0063140
0063140 0064940
0064940 0066740
0068540 0070340
0070340 0072140
0074111 0075911
0075911 0077711
0079511 0081311
0081311 0083111
0088511 0090311
0092111 0093911
0093911 0095711
0095711 0097511
0097511 0099311
0110111 0111911
