0005550 0007350
0009150 0010950
0010950 0012750
0014550 0016350
0016350 0018150
0018150 0019950
0021206 0023006
0023006 0024806
0026606 0028406
0028406 0030206
0037414 0039214
0041014 0042814
0046414 0048214
0048214 0050014
0050014 0051814
0059014 0060814
0064414 0066214
0066214 0068014
0069814 0071614
0071614 0073414
0091414 0093214
0093214 0095014
0103039 0104839
0104839 0106639
0108439 0110239
0110239 0112039
0115639 0117439
0117439 0119239
0123156 0124956
0126454 0128254
0128254 0130054
0130054 0131854
0135454 0137254
0139054 0140854
0142654 0144454
0144454 0146254
