0007350 0009150
0009150 0010950
0014550 0016350
0018150 0019950
0019950 0021750
0021750 0023550
0023550 0025350
0025350 0027150
0027150 0028950
0043350 0045150
0045150 0046950
0046950 0048750
0048750 0050550
0052350 0054150
0057750 0059550
0063150 0064950
0064950 0066750
0073950 0075750
0081150 0082950
0082950 0084750
0093750 0095550
0095550 0097350
0102750 0104550
0104550 0106350
0106350 0108150
0109950 0111750
0113550 0115350
0117150 0118950
0118950 0120750
0120750 0122550
0122550 0124350
0162392 0164192
0164192 0165992
