0009714 0011514
0019887 0021687
0040877 0042677
0046277 0048077
0054307 0056107
0060393 0062193
0062193 0063993
0065007 0066807
0070407 0072207
0074007 0075807
0079407 0081207
0085437 0087237
0094437 0096237
0098037 0099837
0099837 0101637
0103437 0105237
0110810 0112610
0125210 0127010
0135560 0137360
0157160 0158960
0169824 0171624
0220906 0222706
0233506 0235306
0240599 0242399
0262199 0263999
0267599 0269399
0274799 0276599
0276599 0278399
0280199 0281999
0297500 0299300
0300896 0302696
0302696 0304496
0307655 0309455
0309455 0311255
0314368 0316168
0316168 0317968
0317968 0319768
0325168 0326968
0356444 0358244
0361844 0363644
0363644 0365444
0366887 0368687
0368687 0370487
0375919 0377719
0377719 0379519
0386895 0388695
0394095 0395895
0395895 0397695
0398557 0400357
0400357 0402157
0402157 0403957
0410859 0412659
0412659 0414459
0415033 0416833
0418633 0420433
0420433 0422233
0425833 0427633
0428467 0430267
0430267 0432067
