0003750 0005550
0007350 0009150
0009150 0010950
0010950 0012750
0017760 0019560
0020569 0022369
0025969 0027769
0033911 0035711
0035711 0037511
0042911 0044711
0047191 0048991
0050791 0052591
0056191 0057991
0057991 0059791
0061591 0063391
0065191 0066991
0068791 0070591
0070591 0072391
0072391 0074191
0074191 0075991
0075991 0077791
0083138 0084938
0084938 0086738
0088538 0090338
0101401 0103201
0110401 0112201
0112201 0114001
0126601 0128401
0130201 0132001
0132001 0133801
0133801 0135601
0135601 0137401
0137401 0139201
