0022865 0024665
0040865 0042665
0084907 0086707
0086707 0088507
0105642 0107442
0118242 0120042
0125442 0127242
0137638 0139438
0181841 0183641
0185441 0187241
0187241 0189041
0192641 0194441
0203441 0205241
0207041 0208841
0219641 0221441
0225041 0226841
0228641 0230441
0239441 0241241
0268241 0270041
0275441 0277241
0284212 0286012
0286012 0287812
0376108 0377908
0383308 0385108
0395908 0397708
0397708 0399508
0409332 0411132
0412102 0413902
0413902 0415702
0415702 0417502
0417502 0419302
0419302 0421102
0421102 0422902
