0012745 0014545
0014545 0016345
0019945 0021745
0021745 0023545
0023545 0025345
0027145 0028945
0028945 0030745
0045083 0046883
0046883 0048683
0052283 0054083
0054083 0055883
0055883 0057683
0057683 0059483
0059483 0061283
0061283 0063083
0070061 0071861
0073764 0075564
0075564 0077364
0080698 0082498
0089056 0090856
0099249 0101049
0104649 0106449
0106449 0108249
0108249 0110049
0110049 0111849
0128982 0130782
0137982 0139782
0139782 0141582
0151735 0153535
0157135 0158935
0158935 0160735
0160735 0162535
0187735 0189535
0225535 0227335
0250904 0252704
