0003750 0005550
0005550 0007350
0007350 0009150
0009150 0010950
0010950 0012750
0014550 0016350
0016350 0018150
0019950 0021750
0021750 0023550
0025350 0027150
0028950 0030750
0032550 0034350
0037950 0039750
0039750 0041550
0041550 0043350
0050550 0052350
0054150 0055950
0055950 0057750
0061350 0063150
0063150 0064950
0064950 0066750
0066750 0068550
0070350 0072150
0072150 0073950
0073950 0075750
0075750 0077550
0081150 0082950
0093750 0095550
0095550 0097350
0097350 0099150
0102750 0104550
0104550 0106350
0106350 0108150
0108150 0109950
