0003750 0005550
0009150 0010950
0012750 0014550
0014550 0016350
0016350 0018150
0021750 0023550
0023550 0025350
0025350 0027150
0027150 0028950
0033151 0034951
0036751 0038551
0040351 0042151
0043951 0045751
0045751 0047551
0047551 0049351
0049351 0051151
0051151 0052951
0052951 0054751
0054751 0056551
0056551 0058351
0061951 0063751
0063751 0065551
0065551 0067351
0067351 0069151
0069151 0070951
0070951 0072751
0072751 0074551
0076351 0078151
0078151 0079951
0085351 0087151
0088951 0090751
0094351 0096151
0097951 0099751
0101551 0103351
0103351 0105151
0106951 0108751
0108751 0110551
0110551 0112351
0112351 0114151
0114151 0115951
0117751 0119551
0119551 0121351
