0019950 0021750
0036150 0037950
0039750 0041550
0041550 0043350
0059550 0061350
0070946 0072746
0088946 0090746
0094346 0096146
0117746 0119546
0119546 0121346
0121346 0123146
0145945 0147745
0147745 0149545
0158545 0160345
0160345 0162145
0167545 0169345
0169345 0171145
0189145 0190945
0190945 0192745
0192745 0194545
0196345 0198145
0210745 0212545
0212545 0214345
0238968 0240768
0240768 0242568
0243291 0245091
0250491 0252291
0252291 0254091
0255891 0257691
0257691 0259491
0264891 0266691
0266691 0268491
0270291 0272091
