0005550 0007350
0007350 0009150
0009150 0010950
0010950 0012750
0012750 0014550
0014550 0016350
0019950 0021750
0021750 0023550
0028950 0030750
0030750 0032550
0032550 0034350
0034350 0036150
0036945 0038745
0038745 0040545
0042345 0044145
0044145 0045945
0045945 0047745
0054945 0056745
0056745 0058545
0058545 0060345
0063945 0065745
0071167 0072967
0074767 0076567
0076567 0078367
0080167 0081967
0081967 0083767
0087367 0089167
0092767 0094567
0098167 0099967
0105975 0107775
0107775 0109575
0109575 0111375
0111375 0113175
0116775 0118575
0118575 0120375
0120375 0122175
0123975 0125775
0129375 0131175
0131175 0132975
