0003750 0005550
0021750 0023550
0025350 0027150
0028950 0030750
0032550 0034350
0034350 0036150
0056820 0058620
0065820 0067620
0080220 0082020
0082020 0083820
0089220 0091020
0091020 0092820
0094620 0096420
0100020 0101820
0101820 0103620
0109020 0110820
0113490 0115290
0120690 0122490
0127890 0129690
0133290 0135090
0138690 0140490
0145890 0147690
0156690 0158490
0158490 0160290
0170160 0171960
0180960 0182760
0189960 0191760
0195360 0197160
0198960 0200760
0200760 0202560
0204360 0206160
0207960 0209760
0215160 0216960
0216960 0218760
0228630 0230430
0237630 0239430
0248430 0250230
0250230 0252030
0252030 0253830
0259230 0261030
0262830 0264630
0270030 0271830
0292500 0294300
