0005550 0007350
0010950 0012750
0014550 0016350
0018150 0019950
0019950 0021750
0030750 0032550
0032550 0034350
0034350 0036150
0043350 0045150
0059550 0061350
0061350 0063150
0063150 0064950
0068550 0070350
0070350 0072150
0072150 0073950
0073950 0075750
0077550 0079350
0079350 0081150
0081150 0082950
0088350 0090150
0095550 0097350
0097350 0099150
0100950 0102750
0102750 0104550
0108150 0109950
0109950 0111750
0111750 0113550
0117150 0118950
0122550 0124350
0124350 0126150
0126150 0127950
0129750 0131550
0133350 0135150
