0005550 0007350
0007350 0009150
0009150 0010950
0010950 0012750
0012750 0014550
0016350 0018150
0019950 0021750
0023550 0025350
0025350 0027150
0030750 0032550
0034169 0035969
0035969 0037769
0039569 0041369
0041369 0043169
0043169 0044969
0044969 0046769
0046769 0048569
0048569 0050369
0050369 0052169
0052169 0053969
0057569 0059369
0059369 0061169
0062969 0064769
0064769 0066569
0073769 0075569
0075569 0077369
0080969 0082769
0082769 0084569
0086369 0088169
0088169 0089969
0095369 0097169
0098969 0100769
