0003750 0005550
0005550 0007350
0007350 0009150
0010950 0012750
0018150 0019950
0019950 0021750
0021750 0023550
0028950 0030750
0037950 0039750
0039750 0041550
0041550 0043350
0043350 0045150
0045150 0046950
0046950 0048750
0048750 0050550
0050550 0052350
0052350 0054150
0054150 0055950
0055950 0057750
0057750 0059550
0059550 0061350
0063150 0064950
0064950 0066750
0066750 0068550
0068550 0070350
0070350 0072150
0079350 0081150
0082950 0084750
0088350 0090150
0093750 0095550
0095550 0097350
0099150 0100950
0100950 0102750
0102750 0104550
