0015445 0017245
0029843 0031643
0031643 0033443
0033443 0035243
0035243 0037043
0038843 0040643
0040643 0042443
0044243 0046043
0046043 0047843
0047843 0049643
0049643 0051443
0051443 0053243
0055043 0056843
0062243 0064043
0064043 0065843
0065843 0067643
0067643 0069443
0074843 0076643
0076643 0078443
0078443 0080243
0080243 0082043
0085643 0087443
0087443 0089243
0091043 0092843
0092843 0094643
0103643 0105443
0107243 0109043
0109043 0110843
0114443 0116243
0118043 0119843
0235593 0237393
0242793 0244593
0253593 0255393
0257193 0258993
0260793 0262593
0262593 0264393
0296793 0298593
0300393 0302193
0303993 0305793
0305793 0307593
0307593 0309393
0311193 0312993
