0006498 0008298
0008298 0010098
0010098 0011898
0011898 0013698
0017298 0019098
0020898 0022698
0022698 0024498
0024498 0026298
0026298 0028098
0033498 0035298
0038898 0040698
0044298 0046098
0046098 0047898
0049698 0051498
0053298 0055098
0056898 0058698
0060498 0062298
0064098 0065898
0065898 0067698
0074898 0076698
0085698 0087498
0094698 0096498
0098298 0100098
0101898 0103698
0112698 0114498
0114498 0116298
0119898 0121698
0123498 0125298
0125298 0127098
0132498 0134298
0134298 0136098
0139698 0141498
0162160 0163960
0167560 0169360
0171160 0172960
0172960 0174760
0178360 0180160
0189262 0191062
0225262 0227062
0236380 0238180
0247180 0248980
0272380 0274180
0274180 0275980
0288580 0290380
0297580 0299380
0299380 0301180
