0007699 0009499
0009499 0011299
0023899 0025699
0031099 0032899
0032899 0034699
0036499 0038299
0038299 0040099
0052083 0053883
0059283 0061083
0072394 0074194
0083194 0084994
0086794 0088594
0090394 0092194
0092194 0093994
0093994 0095794
0097594 0099394
0099394 0101194
0104794 0106594
0108394 0110194
0111994 0113794
0117394 0119194
0126394 0128194
0131794 0133594
0137194 0138994
0138994 0140794
0153394 0155194
0204524 0206324
0241049 0242849
0249043 0250843
0263513 0265313
0265313 0267113
0276113 0277913
0289984 0291784
0295384 0297184
0297184 0298984
0300784 0302584
0314975 0316775
