0007350 0009150
0009150 0010950
0012750 0014550
0016350 0018150
0018150 0019950
0019950 0021750
0023550 0025350
0025350 0027150
0029370 0031170
0032970 0034770
0034770 0036570
0040170 0041970
0041970 0043770
0043770 0045570
0045570 0047370
0047370 0049170
0049170 0050970
0050970 0052770
0052770 0054570
0054570 0056370
0056370 0058170
0058170 0059970
0070770 0072570
0072570 0074370
0076170 0077970
0077970 0079770
0081570 0083370
0083370 0085170
0086970 0088770
0088770 0090570
0090570 0092370
0092370 0094170
0094170 0095970
0097770 0099570
0099570 0101370
0101370 0103170
0104970 0106770
0108570 0110370
