0003750 0005550
0063442 0065242
0085412 0087212
0087212 0089012
0090812 0092612
0096212 0098012
0098012 0099812
0103412 0105212
0105212 0107012
0110612 0112412
0130412 0132212
0140689 0142489
0150354 0152154
0157554 0159354
0162954 0164754
0171954 0173754
0192051 0193851
0193851 0195651
0201051 0202851
0209158 0210958
0212758 0214558
0223558 0225358
0246669 0248469
0253869 0255669
0255669 0257469
0262869 0264669
0277202 0279002
0279002 0280802
0280802 0282602
0286202 0288002
0295202 0297002
0303399 0305199
