0013396 0015196
0015196 0016996
0016996 0018796
0022396 0024196
0025996 0027796
0038596 0040396
0040396 0042196
0042196 0043996
0045796 0047596
0049396 0051196
0074596 0076396
0101596 0103396
0135796 0137596
0180118 0181918
0181918 0183718
0185518 0187318
0190918 0192718
0205132 0206932
0212332 0214132
0219532 0221332
0223132 0224932
0246532 0248332
0248332 0250132
0251932 0253732
0253732 0255532
0255532 0257332
0282532 0284332
0286132 0287932
0298732 0300532
0305932 0307732
0334181 0335981
0345964 0347764
