0005550 0007350
0014550 0016350
0018150 0019950
0023550 0025350
0025350 0027150
0030750 0032550
0032550 0034350
0036150 0037950
0037950 0039750
0042459 0044259
0044259 0046059
0051459 0053259
0053259 0055059
0058659 0060459
0062259 0064059
0069806 0071606
0072552 0074352
0074352 0076152
0076152 0077952
0085152 0086952
0119293 0121093
0121093 0122893
0122893 0124693
0126493 0128293
0138943 0140743
0144343 0146143
0146143 0147943
0151543 0153343
0153343 0155143
0156943 0158743
0160543 0162343
0162343 0164143
0165943 0167743
0167743 0169543
0171343 0173143
0176743 0178543
