0006131 0007931
0027098 0028898
0036645 0038445
0050881 0052681
0054481 0056281
0056281 0058081
0058081 0059881
0059881 0061681
0070194 0071994
0086885 0088685
0099647 0101447
0150047 0151847
0169847 0171647
0205847 0207647
0209447 0211247
0214847 0216647
0218447 0220247
0220247 0222047
0223847 0225647
0225647 0227447
0231047 0232847
0232847 0234647
0238247 0240047
0243647 0245447
0267047 0268847
0294747 0296547
0296547 0298347
0300147 0301947
0301947 0303747
0303747 0305547
0305547 0307347
0309147 0310947
0314547 0316347
0316347 0318147
0328947 0330747
0330747 0332547
0332547 0334347
0337947 0339747
0343347 0345147
0345589 0347389
0347389 0349189
0350989 0352789
0359989 0361789
0361789 0363589
0368622 0370422
0370422 0372222
0374630 0376430
0379692 0381492
