0005550 0007350
0016350 0018150
0019950 0021750
0023550 0025350
0025350 0027150
0027150 0028950
0028950 0030750
0032550 0034350
0036150 0037950
0039750 0041550
0042312 0044112
0047712 0049512
0053112 0054912
0067512 0069312
0074712 0076512
0076512 0078312
0081912 0083712
0083712 0085512
0085512 0087312
0087312 0089112
0090912 0092712
0092712 0094512
0094512 0096312
0096312 0098112
0099912 0101712
0105312 0107112
0110710 0112510
0117910 0119710
0119710 0121510
0121510 0123310
0123310 0125110
0126910 0128710
0134110 0135910
0139510 0141310
0141310 0143110
0143110 0144910
0144910 0146710
0146710 0148510
0160117 0161917
0163107 0164907
0164907 0166707
0166707 0168507
0168507 0170307
0173907 0175707
0183118 0184918
0186718 0188518
0190318 0192118
0199318 0201118
0210118 0211918
0211918 0213718
